11,19,59,71,78,102,129,154,158,165,171,217,280,285,305,307,327,328,346,348,392,417,472,497,526,539,566,572,577,608,624,626,664,677,680,685,702,749,770,787,789,795,817,823,855,869,903,920,925,976,987
2,16,53,60,96,110,126,132,137,138,178,179,213,215,216,238,250,273,277,289,293,295,312,368,370,376,398,409,416,427,429,433,436,445,455,475,494,498,499,505,512,518,530,549,550,552,560,580,599,639,640,642,667,688,691,698,706,731,752,805,822,827,861,868,894,935,937,951,965,979
45,57,87,108,141,173,221,257,275,309,320,359,434,454,476,492,522,535,605,621,622,644,646,751,755,828,887,914
125,169,439,548,631,737,776,804
35,181,279,387,558,597,810,824,984
28,112,131,145,157,168,249,304,447,449,464,467,528,533,534,536,593,614,700,710,821,865,876,891,907,938,944,969
72,254,335,380,489,513,658,662,707,713,733,738,853,895,898
8,47,51,67,82,107,381,393,432,441,471,484,527,582,588,596,628,634,653,675,714,718,725,745,748,819,825,902,942,956,973,994,995
29,40,118,190,198,261,286,291,314,352,366,457,485,501,517,570,652,699,711,842,847,857,933,958,970
30,41,99,175,184,248,303,313,317,341,361,413,504,525,540,541,617,668,679,692,758,803,815,837,866,886,921,930,940,949
765,957
6,22,46,319,480,495,654,813,916
164,355,363,909,978,988
18,95,191,222,235,456,465,487,547,673,684,705,997
400,576,740
74,130,205,241,247,276,310,374,375,401,407,478,587,618,641,694,722,807,841,864,890,928,971
13,14,31,149,180,246,268,294,298,337,345,365,386,391,428,435,442,450,502,563,578,638,643,678,796,830,834,867,950,980
12,26,70,81,93,134,199,233,240,242,311,369,397,411,474,477,490,496,557,651,715,721,754,760,773,806,850,852,860,874,881,897,901,910,963
121,146,252,255,258,590,604,871,885
4,156,194,203,210,265,336,351,408,461,520,523,607,742,766,801
10,127,288,322,347,568,616,800
122,389,402,419,483,672,788,954
76,104,133,562,598,606,750,802,959
117,545,686,924
42,267,296,331,412,674,756,814,872,948,972
33,176,272,324,422,676
61,65,69,94,135,207,378,481,561,648,888
139,183,259,619,665,671,732,746,753,844,918,934,955
48,187,421,438,553,649,730,845,854,856,906,922
66,101,148,223,264,384,394,627,647,682,712,799
226,237,302,410,444,460,509,782,812
25,58,75,287,554,637,772,875,880,982
84,136,177,227,459,611,661,780,836,889
79,115,232,768,983
629,709,734,990
17,24,39,52,64,111,113,116,163,211,218,260,262,332,343,371,383,399,418,437,532,573,601,663,689,695,701,708,735,739,777,883,908,962,981
34,89,195,350,395,452,500,683,832,923,943
507,729,797
161,403,469,893,991
97,202,214,482,511,764,779
56,266,620,744
7,20,43,92,98,292,396,508,543,584,636,656,717,911,947,993
37,209,231,377,406,424,612,623,703,763,769,848,960,964
5,206,342,493,818,904,927,974
36,55,73,88,333,388,430,462,503,915
143,208,212,236,243,318,448,516,565,771,792,986
44,49,142,152,172,193,220,256,281,357,364,571,778,790,870,877,929,932,967,989,992
185,201,379,583,630,774,905,952
80,542,625,704,919
3,9,100,155,162,197,270,385,425,443,446,538,594,613,727,741,811,840,936,961
38,278,326,373,420,585,603,635,723,726,757,913,977,999
234,297,321,340,531,579,736,998
200,826,843
85,123,167,290,382,426,468,591,615,798,820,833,859,862,931,945,996
15,106,159,174,244,330,696
529,581,592,816
144,353,747
90,269,849
349,367,486,858
54,128,151,186,219,225,284,325,339,354,404,423,510,546,555,556,559,564,602,655,666,670,690,791,917
1,537,610,719,781,793
23,68,77,224,451,783,863,926
21,86,114,153,170,245,263,282,299,306,344,356,360,466,479,515,551,650,681,716,724,728,759,762,829,838,873,939,941,966
315,329,600,669,687,720,743,882,884,892
120,160,274,473,693,839,879,1000
544,846
251,975
105,189,308,784,900,968
229,301,567,659
239,283
63,109,188,230,334,372,697
62,83,147,316,362,575,609,632,657,761,831,851
271,323,458,775,896,985
645,899,946
586
204,431,463,491,506,569,809
103,358,878
119,124,182,196,300,405,440,488,519,521,595,785,794,835,912,953
192,338,453,470,633,660,786
27,50,390,514,574
91,140,150,589,808
32,166,228,253,414,415,524,767